{
    "w": 1156,
    "h": 868,
    "fl_x": 876.6958132812014,
    "fl_y": 877.3536928155106,
    "cx": 575.6621865309615,
    "cy": 434.37647889888274,
    "k1": 0.01569207445917781,
    "k2": -0.021877280642883384,
    "p1": -0.0007787622468305442,
    "p2": 0.00027103340639535195,
    "camera_model": "OPENCV",
    "frames": [
        {
            "file_path": "images/frame_00049.png",
            "transform_matrix": [
                [
                    -0.21475482785710487,
                    -0.6680939139427903,
                    0.7124120198766078,
                    0.28656334287305557
                ],
                [
                    0.2678488249215432,
                    -0.7417521388161795,
                    -0.614866466437853,
                    0.09706416600433374
                ],
                [
                    0.9392216835764672,
                    0.05877318022896508,
                    0.3382430226709191,
                    0.05151784743225105
                ],
                [
                    0.0,
                    0.0,
                    0.0,
                    1.0
                ]
            ],
            "colmap_im_id": 55
        },
        {
            "file_path": "images/frame_00048.png",
            "transform_matrix": [
                [
                    0.02879002414883315,
                    -0.861783048918854,
                    0.5064593874197946,
                    0.2378802756370579
                ],
                [
                    0.24852181233332307,
                    -0.48458878799108845,
                    -0.8386957823596638,
                    -0.008252264930856203
                ],
                [
                    0.9681983491537618,
                    0.15001227666245115,
                    0.20022056224693324,
                    0.038475084927420765
                ],
                [
                    0.0,
                    0.0,
                    0.0,
                    1.0
                ]
            ],
            "colmap_im_id": 54
        },
        {
            "file_path": "images/frame_00052.png",
            "transform_matrix": [
                [
                    -0.05292248106328171,
                    -0.9948817695861708,
                    0.08607831052707543,
                    0.07052111352025513
                ],
                [
                    0.14611717550013953,
                    -0.09298625794924087,
                    -0.9848874691336359,
                    -0.0961988757441094
                ],
                [
                    0.9878506881214223,
                    -0.03954516882864806,
                    0.15029037760397607,
                    0.007690927204680284
                ],
                [
                    0.0,
                    0.0,
                    0.0,
                    1.0
                ]
            ],
            "colmap_im_id": 53
        },
        {
            "file_path": "images/frame_00054.png",
            "transform_matrix": [
                [
                    -0.6527701090715049,
                    -0.5477506625120495,
                    0.5233167266774355,
                    0.22355862591795636
                ],
                [
                    0.22497332982026383,
                    -0.7997981230930324,
                    -0.5565159145670904,
                    0.09306566126353437
                ],
                [
                    0.7233796966824252,
                    -0.24554464770072418,
                    0.6453135985032153,
                    0.1714002675419575
                ],
                [
                    0.0,
                    0.0,
                    0.0,
                    1.0
                ]
            ],
            "colmap_im_id": 52
        },
        {
            "file_path": "images/frame_00051.png",
            "transform_matrix": [
                [
                    0.024271005668739572,
                    -0.9446591730121211,
                    0.32715434450406333,
                    0.16333761979317457
                ],
                [
                    0.21966686994166457,
                    -0.3142134054486946,
                    -0.9235888707029585,
                    -0.06766412965831672
                ],
                [
                    0.9752729794954125,
                    0.09428140156144085,
                    0.19988404835241486,
                    0.02985659537298096
                ],
                [
                    0.0,
                    0.0,
                    0.0,
                    1.0
                ]
            ],
            "colmap_im_id": 51
        },
        {
            "file_path": "images/frame_00053.png",
            "transform_matrix": [
                [
                    -0.5991218866454799,
                    -0.736497388222697,
                    0.31404547773134145,
                    0.14060195657860727
                ],
                [
                    0.27952848289430376,
                    -0.5599596172352859,
                    -0.7799416993061219,
                    -0.00535481042679233
                ],
                [
                    0.7502778100098454,
                    -0.3794954864117066,
                    0.5413560599087927,
                    0.1526914906959807
                ],
                [
                    0.0,
                    0.0,
                    0.0,
                    1.0
                ]
            ],
            "colmap_im_id": 50
        },
        {
            "file_path": "images/frame_00046.png",
            "transform_matrix": [
                [
                    0.3441248886461606,
                    -0.745102373694454,
                    0.5713147238861939,
                    0.2722672452796942
                ],
                [
                    0.23263924059713378,
                    -0.5218413715038543,
                    -0.8207073575406554,
                    -0.0718810277335977
                ],
                [
                    0.9096466592851623,
                    0.415336051531608,
                    -0.006238553476324003,
                    -0.03977446549661601
                ],
                [
                    0.0,
                    0.0,
                    0.0,
                    1.0
                ]
            ],
            "colmap_im_id": 49
        },
        {
            "file_path": "images/frame_00044.png",
            "transform_matrix": [
                [
                    0.4324098482363008,
                    -0.8156469422145589,
                    0.3843719407088649,
                    0.20077107717892526
                ],
                [
                    0.2067288533575594,
                    -0.32525013260885305,
                    -0.9227543185633933,
                    -0.09044696175237252
                ],
                [
                    0.8776587630381913,
                    0.4784688254149515,
                    0.02797639662838445,
                    -0.018297008129838442
                ],
                [
                    0.0,
                    0.0,
                    0.0,
                    1.0
                ]
            ],
            "colmap_im_id": 48
        },
        {
            "file_path": "images/frame_00047.png",
            "transform_matrix": [
                [
                    0.2470463383457176,
                    -0.678166807075972,
                    0.692140078662083,
                    0.2902343840845667
                ],
                [
                    0.24760248004162524,
                    -0.6463888896389951,
                    -0.7217162982976784,
                    -0.01427286810996522
                ],
                [
                    0.9368356945522569,
                    0.3496729688318045,
                    0.00822777498125311,
                    -0.022824955242654453
                ],
                [
                    0.0,
                    0.0,
                    0.0,
                    1.0
                ]
            ],
            "colmap_im_id": 47
        },
        {
            "file_path": "images/frame_00055.png",
            "transform_matrix": [
                [
                    -0.5915567344357879,
                    -0.497297194956372,
                    0.6346307035057396,
                    0.3024113433826937
                ],
                [
                    0.20827971586284322,
                    -0.8546640234499113,
                    -0.4755722521137066,
                    0.12574885126494265
                ],
                [
                    0.778896777438294,
                    -0.14914726584464547,
                    0.6091591772166837,
                    0.1653386046002773
                ],
                [
                    0.0,
                    0.0,
                    0.0,
                    1.0
                ]
            ],
            "colmap_im_id": 46
        },
        {
            "file_path": "images/frame_00045.png",
            "transform_matrix": [
                [
                    0.365742810498988,
                    -0.8390972909815471,
                    0.40267596505842,
                    0.20432763765264134
                ],
                [
                    0.23864291357487394,
                    -0.33363990122667914,
                    -0.9119945044296851,
                    -0.09909376281798873
                ],
                [
                    0.8996008872654562,
                    0.4296511987378603,
                    0.07821822712336998,
                    -0.00564597402525637
                ],
                [
                    0.0,
                    0.0,
                    0.0,
                    1.0
                ]
            ],
            "colmap_im_id": 45
        },
        {
            "file_path": "images/frame_00050.png",
            "transform_matrix": [
                [
                    -0.195416113745686,
                    -0.8123742105924299,
                    0.5494184966424587,
                    0.24548286123592694
                ],
                [
                    0.24052500642687025,
                    -0.58280925374511,
                    -0.7761965569573355,
                    0.0470659875382746
                ],
                [
                    0.9507682492447289,
                    -0.01953242722741575,
                    0.3092866316456606,
                    0.036526875053841695
                ],
                [
                    0.0,
                    0.0,
                    0.0,
                    1.0
                ]
            ],
            "colmap_im_id": 44
        },
        {
            "file_path": "images/frame_00043.png",
            "transform_matrix": [
                [
                    0.510373175838094,
                    -0.8481322374528999,
                    0.14209478941212353,
                    0.10835072835374705
                ],
                [
                    0.23225130324862375,
                    -0.023151262030403647,
                    -0.97238025031657,
                    -0.11832195578589723
                ],
                [
                    0.8279967110588385,
                    0.5292784965021131,
                    0.18516403434849021,
                    0.014023642373285225
                ],
                [
                    0.0,
                    0.0,
                    0.0,
                    1.0
                ]
            ],
            "colmap_im_id": 43
        },
        {
            "file_path": "images/frame_00042.png",
            "transform_matrix": [
                [
                    0.8968550601406061,
                    -0.43917567176462907,
                    -0.05268520124547526,
                    0.018418859607988104
                ],
                [
                    0.024709556758027523,
                    0.16866814464836127,
                    -0.9853631283875508,
                    -0.13622012412980625
                ],
                [
                    0.44163382898619896,
                    0.8824260797998698,
                    0.1621227152006235,
                    -0.0062622788473572595
                ],
                [
                    0.0,
                    0.0,
                    0.0,
                    1.0
                ]
            ],
            "colmap_im_id": 42
        },
        {
            "file_path": "images/frame_00041.png",
            "transform_matrix": [
                [
                    0.9239071950908967,
                    -0.37950843849726007,
                    -0.048670730101811194,
                    0.055061968779655954
                ],
                [
                    -0.05480337694595813,
                    -0.005365756642608444,
                    -0.9984827482390326,
                    -0.13558925919317344
                ],
                [
                    0.3786714733573037,
                    0.925172715640179,
                    -0.025755805178350025,
                    -0.1012572759142914
                ],
                [
                    0.0,
                    0.0,
                    0.0,
                    1.0
                ]
            ],
            "colmap_im_id": 41
        },
        {
            "file_path": "images/frame_00035.png",
            "transform_matrix": [
                [
                    0.9980677007383486,
                    -0.05902927640066513,
                    -0.019401269816175924,
                    0.05367838799111127
                ],
                [
                    -0.03345374651680087,
                    -0.24736889574929738,
                    -0.9683436767283415,
                    -0.04986614045032685
                ],
                [
                    0.052361355853871985,
                    0.9671215921193089,
                    -0.2488656554644635,
                    -0.13714414867666425
                ],
                [
                    0.0,
                    0.0,
                    0.0,
                    1.0
                ]
            ],
            "colmap_im_id": 40
        },
        {
            "file_path": "images/frame_00036.png",
            "transform_matrix": [
                [
                    0.9870907009175913,
                    -0.1335642151927028,
                    -0.08838862246904486,
                    0.019087502370885842
                ],
                [
                    -0.1410406954658261,
                    -0.46339124415726096,
                    -0.8748577467570953,
                    -0.02234838750075205
                ],
                [
                    0.07589117461559065,
                    0.8760303392339464,
                    -0.47624717779439163,
                    -0.21791452385206872
                ],
                [
                    0.0,
                    0.0,
                    0.0,
                    1.0
                ]
            ],
            "colmap_im_id": 39
        },
        {
            "file_path": "images/frame_00032.png",
            "transform_matrix": [
                [
                    0.9652324677193779,
                    0.1814959267644835,
                    -0.1881103714000409,
                    -0.02265118676675614
                ],
                [
                    -0.2095575704102895,
                    0.10714111162574572,
                    -0.9719086412226902,
                    -0.06231898045590345
                ],
                [
                    -0.15624310526898982,
                    0.9775377285647345,
                    0.14144992502084486,
                    -0.01980644170237053
                ],
                [
                    0.0,
                    0.0,
                    0.0,
                    1.0
                ]
            ],
            "colmap_im_id": 38
        },
        {
            "file_path": "images/frame_00031.png",
            "transform_matrix": [
                [
                    0.9587069357479064,
                    0.12167854899965251,
                    -0.2570512440393914,
                    -0.03153341185383967
                ],
                [
                    -0.2110407373107701,
                    -0.3014917189866629,
                    -0.9298196333578861,
                    -0.0472620346401003
                ],
                [
                    -0.19063792525147277,
                    0.9456728155635047,
                    -0.26336307136728115,
                    -0.14946111116549143
                ],
                [
                    0.0,
                    0.0,
                    0.0,
                    1.0
                ]
            ],
            "colmap_im_id": 37
        },
        {
            "file_path": "images/frame_00026.png",
            "transform_matrix": [
                [
                    0.9056378773479319,
                    0.09501467310715712,
                    -0.41327018644837216,
                    -0.08786946933137947
                ],
                [
                    -0.31418699684741613,
                    -0.5041744189147294,
                    -0.8044219578827996,
                    -0.006756635308618004
                ],
                [
                    -0.2847921454758434,
                    0.858359113195832,
                    -0.426747075759086,
                    -0.18328826775853346
                ],
                [
                    0.0,
                    0.0,
                    0.0,
                    1.0
                ]
            ],
            "colmap_im_id": 36
        },
        {
            "file_path": "images/frame_00034.png",
            "transform_matrix": [
                [
                    0.9993653635258859,
                    0.029845507144600332,
                    0.01944520218602652,
                    0.06260843924211547
                ],
                [
                    0.018649832832910305,
                    0.02670048135882103,
                    -0.9994694932965748,
                    -0.07112693297558786
                ],
                [
                    -0.030348870161479496,
                    0.9991978432715362,
                    0.026126922540414092,
                    -0.03283844042524476
                ],
                [
                    0.0,
                    0.0,
                    0.0,
                    1.0
                ]
            ],
            "colmap_im_id": 35
        },
        {
            "file_path": "images/frame_00033.png",
            "transform_matrix": [
                [
                    0.9703752213813657,
                    0.21363583662493682,
                    -0.11283465353617524,
                    0.001921522614311607
                ],
                [
                    -0.17446962962569723,
                    0.29655966484037816,
                    -0.938942337701328,
                    -0.051256504866132716
                ],
                [
                    -0.16712952482232882,
                    0.9308125990226637,
                    0.32504711571299433,
                    0.039447061041511196
                ],
                [
                    0.0,
                    0.0,
                    0.0,
                    1.0
                ]
            ],
            "colmap_im_id": 34
        },
        {
            "file_path": "images/frame_00040.png",
            "transform_matrix": [
                [
                    0.9277487474949947,
                    -0.3664576049211587,
                    0.07064761366753035,
                    0.09413261180369213
                ],
                [
                    -0.06012925404381359,
                    -0.3335987621428579,
                    -0.9407955881618958,
                    -0.11664570379696927
                ],
                [
                    0.3683296544260362,
                    0.8685739402562114,
                    -0.33153065616650884,
                    -0.21087795035199147
                ],
                [
                    0.0,
                    0.0,
                    0.0,
                    1.0
                ]
            ],
            "colmap_im_id": 33
        },
        {
            "file_path": "images/frame_00030.png",
            "transform_matrix": [
                [
                    0.9766616886602818,
                    -0.010108650680327597,
                    -0.21454547556326925,
                    -0.03337465428929955
                ],
                [
                    -0.18793720061609773,
                    -0.5237931488520362,
                    -0.8308551894525623,
                    -0.026948947923027527
                ],
                [
                    -0.10397862534112902,
                    0.8517855084451085,
                    -0.5134684927773829,
                    -0.24797754259028487
                ],
                [
                    0.0,
                    0.0,
                    0.0,
                    1.0
                ]
            ],
            "colmap_im_id": 32
        },
        {
            "file_path": "images/frame_00037.png",
            "transform_matrix": [
                [
                    0.9779713830124366,
                    -0.20873371882534444,
                    0.001486147396507604,
                    0.04481407974132743
                ],
                [
                    -0.13047090147621554,
                    -0.6168164084943477,
                    -0.7762183082613536,
                    0.018808846051300263
                ],
                [
                    0.16293961420331687,
                    0.7589253934593809,
                    -0.6304624725436069,
                    -0.28292247829471157
                ],
                [
                    0.0,
                    0.0,
                    0.0,
                    1.0
                ]
            ],
            "colmap_im_id": 31
        },
        {
            "file_path": "images/frame_00001.png",
            "transform_matrix": [
                [
                    -0.7753263071985094,
                    -0.4960623516156368,
                    0.3908852269854746,
                    0.16502873298891613
                ],
                [
                    0.29870322643074687,
                    -0.8333448244964816,
                    -0.4650943839746833,
                    0.12485154613195508
                ],
                [
                    0.5564579947181849,
                    -0.24384123276118036,
                    0.7942895903382619,
                    0.1969973548978984
                ],
                [
                    0.0,
                    0.0,
                    0.0,
                    1.0
                ]
            ],
            "colmap_im_id": 13
        },
        {
            "file_path": "images/frame_00014.png",
            "transform_matrix": [
                [
                    0.15163361219535512,
                    0.9039049517511237,
                    -0.3999538546537425,
                    -0.10075374743146939
                ],
                [
                    -0.4739836956865818,
                    -0.2885816163597263,
                    -0.8319015007334086,
                    -0.08757020473404267
                ],
                [
                    -0.8673792157273994,
                    0.3157158356798185,
                    0.38467753667859955,
                    0.06479976215865256
                ],
                [
                    0.0,
                    0.0,
                    0.0,
                    1.0
                ]
            ],
            "colmap_im_id": 12
        },
        {
            "file_path": "images/frame_00013.png",
            "transform_matrix": [
                [
                    -0.4681669618497776,
                    0.8220210191768172,
                    -0.3241930595553455,
                    -0.07838430305212081
                ],
                [
                    -0.3055991289830804,
                    -0.49486519266838014,
                    -0.8134602715867995,
                    -0.05334600893308411
                ],
                [
                    -0.8291133023882391,
                    -0.28176210731181334,
                    0.48288844124297964,
                    0.14011859531947818
                ],
                [
                    0.0,
                    0.0,
                    0.0,
                    1.0
                ]
            ],
            "colmap_im_id": 11
        },
        {
            "file_path": "images/frame_00003.png",
            "transform_matrix": [
                [
                    -0.8757349987560664,
                    -0.48262617489051723,
                    -0.012656510745846212,
                    0.046590778062933436
                ],
                [
                    0.26236548962666834,
                    -0.45373390047990103,
                    -0.8516395349020932,
                    -0.043425731472097724
                ],
                [
                    0.4052808431281579,
                    -0.7491311786769007,
                    0.523975109454148,
                    0.15758701441783954
                ],
                [
                    0.0,
                    0.0,
                    0.0,
                    1.0
                ]
            ],
            "colmap_im_id": 10
        },
        {
            "file_path": "images/frame_00017.png",
            "transform_matrix": [
                [
                    0.15781528147584895,
                    0.3721062819971563,
                    -0.9146754899039067,
                    -0.27810049574678886
                ],
                [
                    -0.4992968998844309,
                    -0.7690797501157915,
                    -0.3990224852406539,
                    0.14075560795360856
                ],
                [
                    -0.8519371706285007,
                    0.5196664823327402,
                    0.06441897578680274,
                    -0.03487282383656338
                ],
                [
                    0.0,
                    0.0,
                    0.0,
                    1.0
                ]
            ],
            "colmap_im_id": 9
        },
        {
            "file_path": "images/frame_00008.png",
            "transform_matrix": [
                [
                    -0.9943628496225762,
                    -0.07832714460894344,
                    -0.07146594789043953,
                    0.012660448891353232
                ],
                [
                    0.08164208309050026,
                    -0.9956586755623523,
                    -0.04470315476636863,
                    0.2700068938844208
                ],
                [
                    -0.0676542205565418,
                    -0.05028578521641757,
                    0.996440789132026,
                    0.30379248243507667
                ],
                [
                    0.0,
                    0.0,
                    0.0,
                    1.0
                ]
            ],
            "colmap_im_id": 8
        },
        {
            "file_path": "images/frame_00002.png",
            "transform_matrix": [
                [
                    -0.7986530604339913,
                    -0.5585834552021164,
                    0.22391474411901618,
                    0.12437781286311576
                ],
                [
                    0.2646407214809979,
                    -0.6601664824285054,
                    -0.7029548378181849,
                    0.03211715818908767
                ],
                [
                    0.5404799511484549,
                    -0.5021600731364838,
                    0.6750679101795054,
                    0.19754740751030778
                ],
                [
                    0.0,
                    0.0,
                    0.0,
                    1.0
                ]
            ],
            "colmap_im_id": 7
        },
        {
            "file_path": "images/frame_00012.png",
            "transform_matrix": [
                [
                    -0.5018782870187039,
                    0.6708466912188182,
                    -0.5459696895432343,
                    -0.19478297880586193
                ],
                [
                    -0.2810506464909459,
                    -0.7234550311529979,
                    -0.6305738275621946,
                    -0.016594183183738336
                ],
                [
                    -0.818002884546377,
                    -0.16302617820515486,
                    0.5516282680334902,
                    0.18919374327300056
                ],
                [
                    0.0,
                    0.0,
                    0.0,
                    1.0
                ]
            ],
            "colmap_im_id": 6
        },
        {
            "file_path": "images/frame_00011.png",
            "transform_matrix": [
                [
                    -0.4781470404805408,
                    0.4507742021954949,
                    -0.7537758462001255,
                    -0.27918020181970576
                ],
                [
                    -0.29297018063245134,
                    -0.8909460371740006,
                    -0.34696344491045894,
                    0.11599427449043746
                ],
                [
                    -0.8279757731599934,
                    0.05493430147876041,
                    0.5580666103442775,
                    0.1949326810553574
                ],
                [
                    0.0,
                    0.0,
                    0.0,
                    1.0
                ]
            ],
            "colmap_im_id": 5
        },
        {
            "file_path": "images/frame_00007.png",
            "transform_matrix": [
                [
                    -0.9155954763955747,
                    0.12909303556527113,
                    -0.38081479983386113,
                    -0.08210166955521447
                ],
                [
                    -0.07930565961120692,
                    -0.9864358242425034,
                    -0.14371839480262844,
                    0.22745092799833244
                ],
                [
                    -0.39420240480949814,
                    -0.1013871432655855,
                    0.9134139867676935,
                    0.22420762891141652
                ],
                [
                    0.0,
                    0.0,
                    0.0,
                    1.0
                ]
            ],
            "colmap_im_id": 4
        },
        {
            "file_path": "images/frame_00009.png",
            "transform_matrix": [
                [
                    -0.8584782938644019,
                    0.12267400355591204,
                    -0.4979619541844824,
                    -0.1365685768335366
                ],
                [
                    -0.11402318655196152,
                    -0.9923233141913078,
                    -0.04788687754401083,
                    0.2828353393321387
                ],
                [
                    -0.5000137317036416,
                    0.015669363865281068,
                    0.8658757065213548,
                    0.24584208196137866
                ],
                [
                    0.0,
                    0.0,
                    0.0,
                    1.0
                ]
            ],
            "colmap_im_id": 3
        },
        {
            "file_path": "images/frame_00016.png",
            "transform_matrix": [
                [
                    0.19326878933332362,
                    0.5557487884662079,
                    -0.808573100707644,
                    -0.24655386630004997
                ],
                [
                    -0.5113230504472113,
                    -0.6462988728249343,
                    -0.5664331426272462,
                    0.05384135504258876
                ],
                [
                    -0.8373744163461112,
                    0.5229159120772301,
                    0.15925776510251644,
                    0.0013091943135268055
                ],
                [
                    0.0,
                    0.0,
                    0.0,
                    1.0
                ]
            ],
            "colmap_im_id": 14
        },
        {
            "file_path": "images/frame_00018.png",
            "transform_matrix": [
                [
                    0.04924906744337587,
                    0.17718940364583935,
                    -0.9829437647147417,
                    -0.2988726723524752
                ],
                [
                    -0.5289117964965536,
                    -0.8301938938578567,
                    -0.17615450640820363,
                    0.2205962541352709
                ],
                [
                    -0.8472466234118292,
                    0.5285659976169121,
                    0.05283129073278951,
                    -0.041465275349950204
                ],
                [
                    0.0,
                    0.0,
                    0.0,
                    1.0
                ]
            ],
            "colmap_im_id": 1
        },
        {
            "file_path": "images/frame_00039.png",
            "transform_matrix": [
                [
                    0.8889167503668098,
                    -0.39326442883817375,
                    0.23488316229116057,
                    0.15724136529874375
                ],
                [
                    -0.03391241945469571,
                    -0.5678604716777819,
                    -0.8224259434822176,
                    -0.06083654933545423
                ],
                [
                    0.4568117322530579,
                    0.7231027407751073,
                    -0.5181172334129491,
                    -0.26592001512864516
                ],
                [
                    0.0,
                    0.0,
                    0.0,
                    1.0
                ]
            ],
            "colmap_im_id": 30
        },
        {
            "file_path": "images/frame_00006.png",
            "transform_matrix": [
                [
                    -0.8846965682207415,
                    0.23375661642177772,
                    -0.40332347620425507,
                    -0.08234122648590872
                ],
                [
                    -0.08300882178164894,
                    -0.9303581161765108,
                    -0.3571320640476242,
                    0.14392722197054908
                ],
                [
                    -0.45871725243865075,
                    -0.2824741049079288,
                    0.8424884939105098,
                    0.22504168033448244
                ],
                [
                    0.0,
                    0.0,
                    0.0,
                    1.0
                ]
            ],
            "colmap_im_id": 15
        },
        {
            "file_path": "images/frame_00020.png",
            "transform_matrix": [
                [
                    0.5155293328628001,
                    0.11892760525962265,
                    -0.8485786537883497,
                    -0.3078848584194248
                ],
                [
                    -0.47350567640117713,
                    -0.7858420521742384,
                    -0.39779975295422865,
                    0.11006348807448402
                ],
                [
                    -0.7141581627160051,
                    0.606884250695133,
                    -0.34881173272168897,
                    -0.2142855974168907
                ],
                [
                    0.0,
                    0.0,
                    0.0,
                    1.0
                ]
            ],
            "colmap_im_id": 16
        },
        {
            "file_path": "images/frame_00004.png",
            "transform_matrix": [
                [
                    -0.9568243628953426,
                    0.220125285504649,
                    -0.18982096104334353,
                    -0.02344802528573858
                ],
                [
                    0.03237902160248516,
                    -0.568270230609352,
                    -0.822204684955796,
                    -0.03856839090436867
                ],
                [
                    -0.2888576423257442,
                    -0.7928516908506223,
                    0.5366073599805744,
                    0.14978701930934568
                ],
                [
                    0.0,
                    0.0,
                    0.0,
                    1.0
                ]
            ],
            "colmap_im_id": 17
        },
        {
            "file_path": "images/frame_00019.png",
            "transform_matrix": [
                [
                    0.4461840423426169,
                    0.1872990669977956,
                    -0.8751221971019573,
                    -0.2301619241831699
                ],
                [
                    -0.472214165903196,
                    -0.781379144775155,
                    -0.40799560491602854,
                    0.12985852916106258
                ],
                [
                    -0.7602194300852556,
                    0.595286226627328,
                    -0.2601936327211847,
                    -0.15179346119948847
                ],
                [
                    0.0,
                    0.0,
                    0.0,
                    1.0
                ]
            ],
            "colmap_im_id": 18
        },
        {
            "file_path": "images/frame_00005.png",
            "transform_matrix": [
                [
                    -0.8881957596065081,
                    0.310341741652969,
                    -0.3388160208797991,
                    -0.06902222990166168
                ],
                [
                    -0.08358916888074241,
                    -0.8342503323564543,
                    -0.5450130583838998,
                    0.08604440132973734
                ],
                [
                    -0.4517976797891346,
                    -0.45575693779793164,
                    0.7669188159030965,
                    0.1882056107163996
                ],
                [
                    0.0,
                    0.0,
                    0.0,
                    1.0
                ]
            ],
            "colmap_im_id": 19
        },
        {
            "file_path": "images/frame_00015.png",
            "transform_matrix": [
                [
                    0.23297312665229788,
                    0.7610070959757433,
                    -0.6054681842445714,
                    -0.177407449380123
                ],
                [
                    -0.5108670344766965,
                    -0.43400065377587504,
                    -0.7420635455317145,
                    -0.02063482391326558
                ],
                [
                    -0.8274892116171897,
                    0.48219460013222754,
